17	1	0.02038952470453538	明
29	1	0.019658873022950836	昌
18	1	0.01926714817542334	陽
0	1	0.01722254953862743	央
156	1	0.016353693104753333	商
46	1	0.014141347103073175	章
10	1	0.014110635944671004	王
27	1	0.014104497730913119	羊
292	1	0.013914798403404753	日
290	1	0.013241741778383243	竟
138	1	0.013047882037889072	公
9	1	0.012073143191646691	長
16	1	0.011151814343108305	卿
155	1	0.010406524867444367	皇
75	1	0.01033865211081755	吉
227	1	0.009947728336597891	鏡
200	1	0.009656137652548798	壽
151	1	0.009569476085611133	龍
181	1	0.007256122022298571	工
92	1	0.0070563413051813245	樂
149	1	0.0069234095751143495	容
211	1	0.006436405553852872	疆
136	1	0.005856681782798748	貴
89	1	0.005694719324925324	方
201	1	0.005282277391812407	銅
87	1	0.004832147017659699	英
78	1	0.004827116198556981	作
248	1	0.004690284217328124	午
50	1	0.004620590839547159	剛
167	1	0.004602967226774959	矦
153	1	0.0045556979968959	同
20	1	0.004540612352723044	光
49	1	0.004396363138201715	行
402	1	0.004272925023950164	朔
222	1	0.003857969050495685	歲
317	1	0.0038131089452573632	岡
152	1	0.0036112384716849143	凶
88	1	0.0034990882085891104	祥
85	1	0.0034205830244220473	武
104	1	0.002875586150663624	詳
176	1	0.002797930589701832	平
86	1	0.0027578769243104726	彭
150	1	0.002635531182751413	彊
121	1	0.002545810972274769	萬
112	1	0.0025121658933460276	良
119	1	0.0023136256803063643	常
145	1	0.0022542202882256768	從
320	1	0.0022542202882256768	巳
219	1	0.0021532850514394525	兇
362	1	0.002153285051439452	三
163	1	0.0021472937316629756	兄
400	1	0.0020859948935819696	琴
470	1	0.0019323574654913256	首
212	1	0.001912963059091299	張
577	1	0.0017287161982910482	虎
106	1	0.0016934689727466524	得
445	1	0.0016822539464370718	祉
28	1	0.0016459443224846936	堂
146	1	0.00163739384119875	升
148	1	0.0015765122698038845	空
415	1	0.0015701036833412672	宿
404	1	0.0015140285517933649	酉
439	1	0.0015140285517933649	主
267	1	0.0013458031571496577	上
259	1	0.0012931666248598593	黃
21	1	0.0012897280256017553	旁
343	1	0.0012897280256017553	金
32	1	0.001278512999292175	遷
175	1	0.001261690459827804	嘗
352	1	0.0012560829466730138	師
399	1	0.001211222841434692	象
339	1	0.001211222841434692	毋
19	1	0.001156749856502444	當
472	1	0.001121502630958048	位
365	1	0.001121502630958048	蜀
204	1	0.0010381910069440217	興
147	1	0.0010093523678622433	畺
361	1	0.0010093523678622433	景
254	1	0.0009933309017056996	顯
289	1	0.0008972021047664384	弓
353	1	0.0008972021047664384	詺
330	1	0.0008972021047664384	名
425	1	0.0008972021047664384	至
446	1	0.0008957550045974604	士
436	1	0.000841126973218536	存
251	1	0.0007943976969286173	强
205	1	0.0007850518416706336	未
554	1	0.0007690303755140901	號
333	1	0.0007690303755140901	祀
165	1	0.0007530089093575465	受
595	1	0.0007463090235102649	邪
478	1	0.0007289767101227312	夫
264	1	0.0006729015785748289	綱
261	1	0.0006729015785748289	形
390	1	0.0006729015785748289	和
275	1	0.0006729015785748288	莊
431	1	0.0006729015785748288	湅
268	1	0.0006729015785748288	命
383	1	0.0006729015785748288	俌
269	1	0.0006729015785748288	祚
455	1	0.0006729015785748288	禽
342	1	0.0006729015785748288	守
257	1	0.0006729015785748288	順
340	1	0.0006729015785748288	并
494	1	0.0006729015785748288	尚
538	1	0.0006729015785748288	隔
413	1	0.0006729015785748288	候
213	1	0.0006729015785748288	萠
135	1	0.000664890845496557	倡
331	1	0.0005887888812529752	豐
450	1	0.000583181368098185	設
492	1	0.000560751315479024	於
545	1	0.0005046761839311217	周
335	1	0.0005046761839311217	序
386	1	0.0004486010523832192	佯
414	1	0.0004325795862266757	此
162	1	0.0003364507892874144	杠
327	1	0.0003364507892874144	卯
387	1	0.0003364507892874144	偒
394	1	0.0003364507892874144	申
178	1	0.0003364507892874144	幷
284	1	0.00026916063142993157	兵
542	1	0.00026916063142993157	泊
169	1	0.0002243005261916096	且
419	1	0.0002243005261916096	牙
503	1	0.0002243005261916096	忽
344	1	0.0002243005261916096	自
433	1	0.0001962629604176584	康
405	1	0.0001682253946437072	言
374	1	0.0001682253946437072	芒
613	1	0.0001682253946437072	場
614	1	0.0001682253946437072	靜
328	1	0.00013458031571496578	玉
635	1	0.00011431532608993231	侯
437	1	0.0001121502630958048	翔
443	1	0.0001121502630958048	鳥
214	1	9.612879693926126e-05	一
556	1	9.612879693926126e-05	對
345	1	8.41126973218536e-05	刻
487	1	2.1706502534671898e-05	立
601	1	0.0	亥
97	1	0.0	万
52	2	0.02204845265139687	子
77	2	0.016552577759632977	母
5	2	0.011918368673852745	好
96	2	0.011822239876913485	老
79	2	0.009162676494927254	右
111	2	0.00905540233022692	道
81	2	0.008635570258376971	有
102	2	0.008477758816735018	市
182	2	0.0075364976800380845	棗
99	2	0.006370936017149542	石
105	2	0.00587186734637321	保
80	2	0.005305508517739395	海
51	2	0.004789986130106695	紀
252	2	0.004530870629070515	巧
140	2	0.004248892824715347	父
84	2	0.004104699629306456	字
4	2	0.003893216276040081	喜
128	2	0.0037009586821615584	耳
139	2	0.003599003897529009	始
108	2	0.002994412024657988	久
110	2	0.002837401656323862	乕
76	2	0.0027925415510855396	宰
278	2	0.0025794560512035106	在
326	2	0.0023439404987023204	己
186	2	0.0022569482675982772	東
281	2	0.002243005261916096	全
109	2	0.0020499465947297463	里
98	2	0.002018704735724486	草
338	2	0.0018504793410807792	左
107	2	0.0015668993901099585	倍
122	2	0.001461157713476771	止
364	2	0.00140187828869756	飢
83	2	0.0013458031571496577	異
170	2	0.0012448679203634332	大
129	2	0.0011535455632711352	女
459	2	0.001143932683577209	丂
263	2	0.00112951336403632	記
337	2	0.001121502630958048	洤
130	2	0.0010093523678622433	咎
325	2	0.0010093523678622433	如
321	2	0.0009420622100047606	葆
499	2	0.0008972021047664385	滓
187	2	0.000859313502369207	世
336	2	0.0007850518416706338	巨
207	2	0.0007850518416706336	耶
199	2	0.0006729015785748288	古
185	2	0.0006729015785748288	持
141	2	0.0006729015785748288	婦
137	2	0.0006729015785748288	悔
82	2	0.0006729015785748288	負
630	2	0.0006729015785748288	由
354	2	0.0006729015785748288	竜
591	2	0.0006729015785748288	圢
356	2	0.000583181368098185	亖
534	2	0.000583181368098185	使
458	2	0.0005383212628598631	矣
300	2	0.0004486010523832192	銘
270	2	0.0002243005261916096	引
502	2	0.0002243005261916096	亲
217	2	6.117287077952989e-05	理
552	2	5.851318074563729e-05	賢
463	2	2.4032199234815315e-05	土
573	2	2.3203502709476854e-05	獸
58	3	0.017453251182066667	孫
71	3	0.007105752810097075	極
26	3	0.006834188958743664	息
62	3	0.006786960088347792	年
68	3	0.006033684154554299	泉
231	3	0.005336216327872769	服
100	3	0.004761579741724742	孰
45	3	0.003919651695198378	然
101	3	0.003895619495963562	亟
65	3	0.0036336685243040755	福
67	3	0.003618065009438573	雲
142	3	0.0036138742612784104	復
74	3	0.0031485281926541585	力
66	3	0.002915906840490925	觀
73	3	0.0027774101663821374	德
70	3	0.0027220470999967474	天
127	3	0.0024344617824867913	馬
69	3	0.0021981451566777744	山
203	3	0.0016689027246399525	熟
161	3	0.0016598238938179111	民
315	3	0.0015476736307221061	連
357	3	0.0014859909860194137	家
358	3	0.0014372941612541298	下
158	3	0.0013639896863003285	夷
237	3	0.0013458031571496577	仙
56	3	0.0012336528940538529	前
206	3	0.0012280453808990626	節
253	3	0.0011775777625059505	滅
322	3	0.001121502630958048	穀
376	3	0.0010766425257197263	五
256	3	0.0009372557701577971	色
57	3	0.0008972021047664384	鮮
299	3	0.0008811806386098949	具
319	3	0.0006729015785748289	寅
625	3	0.0006729015785748288	告
656	3	0.0006729015785748288	穀
367	3	0.0006729015785748287	咸
255	3	0.0006729015785748287	鄕
202	3	0.0006168264470269264	神
314	3	0.000605611420717346	蘭
126	3	0.0005287083831659369	伏
403	3	0.0004486010523832192	千
452	3	0.0003364507892874144	華
612	3	0.0002243005261916096	固
160	3	0.0001682253946437072	麋
159	3	0.0001682253946437072	淒
157	3	0.0001682253946437072	衣
395	3	0.00013458031571496578	無
531	3	0.0001121502630958048	氏
2	3	9.612879693926126e-05	翼
389	3	7.476684206386987e-05	愛
633	3	0.0	厚
285	3	0.0	僑
39	4	0.010064685039540658	富
3	4	0.008903128743191248	食
14	4	0.0065015109663253716	事
15	4	0.003869184076805266	侍
40	4	0.0033276585207140936	意
131	4	0.002074779867272389	冝
132	4	0.001614963788579589	起
44	4	0.0015140285517933649	患
171	4	0.0014803834728646234	憙
568	4	0.0014467383939358821	宜
91	4	0.0012629094844266715	安
283	4	0.0010373899336361945	歡
63	4	0.0008972021047664386	置
43	4	0.0007476684206386987	星
133	4	0.0006729015785748288	史
276	4	0.0006729015785748288	哉
277	4	0.0006729015785748288	内
468	4	0.000650471525955668	熾
486	4	0.0004486010523832192	物
42	4	0.00041121763135128426	丁
393	4	0.0004037409471448973	栽
516	4	0.0004037409471448973	李
64	4	0.0003925259208353168	吏
41	4	0.0003364507892874144	程
485	4	0.0003364507892874144	瑟
464	4	0.0002243005261916096	寺
188	5	0.008343631281585346	月
1	5	0.006625677329038584	忘
6	5	0.004284140050259745	絕
189	5	0.004037409471448973	驩
288	5	0.0029719819720388273	而
134	5	0.0028598317089430225	利
221	5	0.0024673057881077058	忠
195	5	0.0024673057881077053	造
318	5	0.0020187047357244866	不
179	5	0.0018264471418459642	梁
7	5	0.0017944042095328768	泄
174	5	0.00140187828869756	見
287	5	0.001076642525719726	兌
245	5	0.0008143084320434523	願
239	5	0.0007850518416706338	皚
249	5	0.0006729015785748289	悅
8	5	0.0006729015785748288	徹
246	5	0.0006729015785748288	昭
372	5	0.0006729015785748288	用
382	5	0.0006729015785748288	塞
549	5	0.0003364507892874144	心
294	5	0.0002243005261916096	流
465	5	0.0002243005261916096	錫
609	5	0.0002243005261916096	怨
391	5	6.729015785748289e-05	揚
536	5	0.0	汚
23	6	0.01094467620566318	人
229	6	0.0030280571035867297	信
30	6	0.0029719819720388277	澤
359	6	0.0014579534202454625	眞
313	6	0.0012000078151251114	白
190	6	0.001121502630958048	陳
191	6	0.001121502630958048	善
241	6	0.0010093523678622433	貎
228	6	0.0008972021047664385	貌
453	6	0.0006168264470269264	云
236	6	0.0002243005261916096	鯁
388	6	0.00014953368412773974	湶
48	7	0.004540119384533611	生
54	7	0.004351430208117227	成
55	7	0.0034008717660597557	寧
59	7	0.0021981451566777744	菁
310	7	0.0020187047357244866	靑
113	7	0.0017944042095328768	淸
53	7	0.0013009430519113358	請
47	7	0.0007690303755140901	刑
180	7	0.0006729015785748288	庭
329	7	0.0006729015785748288	嬰
454	7	0.0006729015785748288	車
587	7	0.0006355181575428938	情
483	7	0.0003364507892874144	能
603	7	0.0001682253946437072	封
588	7	0.0	荊
550	7	0.0	盡
11	8	0.005826546017109169	傷
22	8	0.005719663417886047	親
124	8	0.0038643776369583025	中
31	8	0.0020187047357244866	窮
93	8	0.0017831891832232963	文
123	8	0.0010093523678622433	楊
61	8	0.00024299223670757708	身
95	8	0.0001682253946437072	門
512	8	0.0	氣
34	9	0.005320728910588114	已
242	9	0.0020267154688027584	志
295	9	0.0017944042095328768	者
33	9	0.0015140285517933649	臾
296	9	0.0010654274994101457	結
297	9	0.0010654274994101457	非
243	9	0.0010093523678622433	愁
244	9	0.0006729015785748288	處
488	9	0.0006729015785748288	丙
649	9	0.0006729015785748288	耆
72	9	0.00045036973036752584	則
262	9	0.0002883863908177838	偪
60	10	0.0038324803543375485	君
307	10	0.0021420700251298715	美
406	10	0.0008972021047664384	陰
308	10	0.0008074818942897946	衰
407	10	0.0006729015785748288	冒
501	10	0.0006729015785748288	疏
311	10	0.0005383212628598631	閒
312	10	0.00013458031571496578	豫
36	11	0.002489735840726867	知
25	11	0.0023765174798872925	思
232	11	0.0012774449015484051	時
238	11	0.0008074818942897948	承
247	11	0.0003364507892874144	治
35	11	0.0002243005261916096	期
610	11	0.00019225759387852252	疑
144	12	0.002960766945729247	官
192	12	0.0010542124731005651	恩
265	12	0.0006729015785748288	尊
266	12	0.000560751315479024	田
316	12	0.00026916063142993157	分
215	13	0.0015701036833412672	奇
341	13	0.0015701036833412672	獨
173	13	0.0013458031571496577	訾
309	13	0.0007626217890514727	可
13	14	0.0019017480327817187	悲
240	14	0.0014579534202454622	說
234	14	0.0006729015785748288	俙
597	14	0.0004486010523832192	囘
598	14	0.0003925259208353168	歸
381	14	9.612879693926126e-05	稀
475	14	6.729015785748289e-05	希
183	15	0.0021645000777490327	松
184	15	0.0018402838626175241	雙
226	16	0.0011775777625059505	高
224	16	0.0006729015785748288	帝
225	16	0.0006729015785748288	弟
118	17	0.0008972021047664384	秩
120	17	0.0002243005261916096	慾
508	17	0.0002243005261916096	足
198	18	0.0006729015785748288	令
569	18	0.0006729015785748288	合
305	19	0.0006729015785748288	相
306	19	0.0006729015785748288	芳
216	20	0.0006729015785748288	望
223	20	0.0006729015785748288	幸
271	21	0.0005046761839311217	精
272	21	0.00041121763135128426	聲
273	21	0.0003644883550613656	榮
115	22	0.0004486010523832192	出
114	22	0.0002243005261916096	畫
533	22	0.0	盒
641	23	3.7383421031934934e-05	觴
642	23	3.7383421031934934e-05	房
24	24	0.0	質
37	25	0.0	來
38	26	0.0	友
90	27	0.0	畏
94	28	0.0	風
103	29	0.0	祐
116	30	0.0	祿
117	31	0.0	畢
125	32	0.0	錯
143	33	0.0	西
154	34	0.0	亰
164	35	0.0	味
166	36	0.0	炅
168	37	0.0	憂
172	38	0.0	州
177	39	0.0	眀
193	40	0.0	百
194	41	0.0	亭
196	42	0.0	朖
197	43	0.0	遠
208	44	0.0	池
209	45	0.0	宮
210	46	0.0	唫
218	47	0.0	倉
220	48	0.0	想
230	49	0.0	故
233	50	0.0	頃
235	51	0.0	實
250	52	0.0	毌
258	53	0.0	牀
260	54	0.0	擾
274	55	0.0	局
279	56	0.0	堅
280	57	0.0	增
282	58	0.0	駕
286	59	0.0	露
291	60	0.0	敬
293	61	0.0	反
298	62	0.0	柰
301	63	0.0	乘
302	64	0.0	載
303	65	0.0	監
304	66	0.0	私
323	67	0.0	坐
324	68	0.0	賞
332	69	0.0	祝
334	70	0.0	腹
346	71	0.0	顕
347	72	0.0	麻
348	73	0.0	等
349	74	0.0	旱
350	75	0.0	客
351	76	0.0	従
355	77	0.0	巻
360	78	0.0	京
363	79	0.0	仍
366	80	0.0	貞
368	81	0.0	防
369	82	0.0	臣
370	83	0.0	祈
371	84	0.0	享
373	85	0.0	莫
375	86	0.0	之
377	87	0.0	直
378	88	0.0	修
379	89	0.0	向
380	90	0.0	紋
384	91	0.0	兮
385	92	0.0	浮
392	93	0.0	惠
396	94	0.0	彡
397	95	0.0	半
398	96	0.0	玄
401	97	0.0	先
408	98	0.0	辰
409	99	0.0	度
410	100	0.0	今
411	101	0.0	寸
412	102	0.0	優
416	103	0.0	濟
417	104	0.0	易
418	105	0.0	共
420	106	0.0	曾
421	107	0.0	麗
422	108	0.0	罔
423	109	0.0	熹
424	110	0.0	雷
426	111	0.0	虹
427	112	0.0	仁
428	113	0.0	吳
429	114	0.0	覆
430	115	0.0	是
432	116	0.0	後
434	117	0.0	元
435	118	0.0	別
438	119	0.0	居
440	120	0.0	翌
441	121	0.0	樣
442	122	0.0	喬
444	123	0.0	鍊
447	124	0.0	二
448	125	0.0	部
449	126	0.0	靈
451	127	0.0	烕
456	128	0.0	洋
457	129	0.0	室
460	130	0.0	朱
461	131	0.0	悉
462	132	0.0	照
466	133	0.0	迫
467	134	0.0	湏
469	135	0.0	益
471	136	0.0	春
473	137	0.0	集
474	138	0.0	永
476	139	0.0	慶
477	140	0.0	擊
479	141	0.0	于
480	142	0.0	取
481	143	0.0	眾
482	144	0.0	延
484	145	0.0	銀
489	146	0.0	朝
490	147	0.0	盖
491	148	0.0	多
493	149	0.0	倫
495	150	0.0	側
496	151	0.0	亡
497	152	0.0	準
498	153	0.0	侖
500	154	0.0	太
504	155	0.0	吟
505	156	0.0	蠡
506	157	0.0	魚
507	158	0.0	格
509	159	0.0	儿
510	160	0.0	号
511	161	0.0	少
513	162	0.0	疎
514	163	0.0	究
515	164	0.0	緣
517	165	0.0	四
518	166	0.0	串
519	167	0.0	渾
520	168	0.0	以
521	169	0.0	澈
522	170	0.0	妾
523	171	0.0	茂
524	172	0.0	虞
525	173	0.0	寶
526	174	0.0	河
527	175	0.0	過
528	176	0.0	般
529	177	0.0	休
530	178	0.0	手
532	179	0.0	橋
535	180	0.0	弇
537	181	0.0	窔
539	182	0.0	綫
540	183	0.0	條
541	184	0.0	尹
543	185	0.0	寒
544	186	0.0	淵
546	187	0.0	末
547	188	0.0	制
548	189	0.0	暟
551	190	0.0	統
553	191	0.0	勝
555	192	0.0	正
557	193	0.0	個
558	194	0.0	乎
559	195	0.0	穆
560	196	0.0	脇
561	197	0.0	恐
562	198	0.0	遝
563	199	0.0	國
564	200	0.0	汎
565	201	0.0	衆
566	202	0.0	祤
582	202	0.0	員
567	203	0.0	夏
570	204	0.0	屬
571	205	0.0	億
572	206	0.0	侌
574	207	0.0	阜
575	208	0.0	复
576	209	0.0	雚
578	210	0.0	鹿
579	211	0.0	胥
580	212	0.0	騎
581	213	0.0	舞
583	214	0.0	駟
584	215	0.0	愷
585	216	0.0	所
586	217	0.0	昊
589	218	0.0	峰
590	219	0.0	后
592	220	0.0	戩
593	221	0.0	需
594	222	0.0	秋
596	223	0.0	殃
599	224	0.0	牛
600	225	0.0	街
602	226	0.0	嫂
604	227	0.0	藂
605	228	0.0	醒
606	229	0.0	渴
607	230	0.0	丹
608	231	0.0	鏤
611	232	0.0	疵
615	233	0.0	艸
616	234	0.0	尙
617	235	0.0	端
618	236	0.0	去
619	237	0.0	但
620	238	0.0	郡
621	239	0.0	斛
622	240	0.0	竝
623	241	0.0	杞
624	242	0.0	游
626	243	0.0	口
627	244	0.0	飮
628	245	0.0	川
629	246	0.0	蛇
631	247	0.0	傳
632	248	0.0	護
634	249	0.0	進
636	250	0.0	佳
637	251	0.0	崩
638	252	0.0	御
639	253	0.0	又
640	254	0.0	糜
12	255	0.0	誠
643	256	0.0	夬
644	257	0.0	蕊
645	258	0.0	徊
646	259	0.0	爲
647	260	0.0	盥
648	261	0.0	會
650	262	0.0	忿
651	263	0.0	赤
652	264	0.0	番
653	265	0.0	火
654	266	0.0	谷
655	267	0.0	賈
657	268	0.0	柬
658	269	0.0	旦
